
    PO_GenerationByGeneratorType(iTime,iGeneratorType) := data table 
                        Nuclear      Coal       Oil  NGCC-New      Wind     Solar
                    !  --------  --------  --------  --------  --------  --------
'2015-07-01 00:00:00'    60.000   135.000    60.000  1195.993  2355.000          
'2015-07-01 00:15:00'   120.000   270.000   120.000   939.394  2304.452          
'2015-07-01 00:30:00'   180.000   363.000   180.000   612.789  2346.436          
'2015-07-01 00:45:00'   240.000   383.000   240.000   629.222  2213.518          
'2015-07-01 01:00:00'   300.000   383.000   300.000   555.581  2207.000          
'2015-07-01 01:15:00'   360.000   383.000   360.000   464.308  2225.651          
'2015-07-01 01:30:00'   400.000   383.000   400.000   288.625  2193.536          
'2015-07-01 01:45:00'   400.000   383.000   400.000   289.663  2201.968          
'2015-07-01 02:00:00'   400.000   383.000   400.000   295.755  2146.000          
'2015-07-01 02:15:00'   400.000   383.000   400.000   247.777  2181.752          
'2015-07-01 02:30:00'   400.000   383.000   400.000   284.781  2195.573          
'2015-07-01 02:45:00'   400.000   383.000   400.000   223.927  2061.098          
'2015-07-01 03:00:00'   400.000   383.000   400.000   296.930  2024.000          
'2015-07-01 03:15:00'   400.000   383.000   400.000   358.490  1893.184          
'2015-07-01 03:30:00'   400.000   383.000   400.000   462.928  1882.420          
'2015-07-01 03:45:00'   400.000   383.000   400.000   550.299  1820.379          
'2015-07-01 04:00:00'   400.000   383.000   400.000   645.343  1736.000          
'2015-07-01 04:15:00'   400.000   383.000   400.000   762.064  1694.978          
'2015-07-01 04:30:00'   400.000   383.000   400.000   974.237  1747.344          
'2015-07-01 04:45:00'   400.000   383.000   400.000   868.146  1733.946          
'2015-07-01 05:00:00'   400.000   383.000   400.000  1046.818  1697.000          
'2015-07-01 05:15:00'   400.000   383.000   400.000  1162.809  1695.138     0.939
'2015-07-01 05:30:00'   400.000   383.000   400.000  1340.855  1590.286     1.830
'2015-07-01 05:45:00'   400.000   383.000   400.000  1569.626  1562.796     2.560
'2015-07-01 06:00:00'   400.000   383.000   400.000  1628.706  1534.000     4.000
'2015-07-01 06:15:00'   400.000   383.000   400.000  1812.896  1558.309    19.864
'2015-07-01 06:30:00'   400.000   383.000   400.000  1971.212  1499.270    39.291
'2015-07-01 06:45:00'   400.000   383.000   400.000  2126.447  1493.846    54.777
'2015-07-01 07:00:00'   400.000   383.000   400.000  2398.070  1482.000    72.000
'2015-07-01 07:15:00'   400.000   383.000   400.000  2587.758  1398.883   117.622
'2015-07-01 07:30:00'   400.000   383.000   400.000  2635.696  1475.842   165.514
'2015-07-01 07:45:00'   400.000   383.000   400.000  2782.011  1403.609   194.327
'2015-07-01 08:00:00'   400.000   383.000   400.000  2846.196  1456.000   254.000
'2015-07-01 08:15:00'   400.000   383.000   400.000  2900.521  1469.183   304.108
'2015-07-01 08:30:00'   400.000   383.000   400.000  2793.544  1389.687   358.940
'2015-07-01 08:45:00'   400.000   383.000   400.000  2824.500  1415.587   370.919
'2015-07-01 09:00:00'   400.000   383.000   400.000  2963.846  1388.000   446.000
'2015-07-01 09:15:00'   400.000   383.000   400.000  2930.816  1444.250   479.726
'2015-07-01 09:30:00'   400.000   383.000   400.000  3060.769  1396.902   522.767
'2015-07-01 09:45:00'   400.000   383.000   400.000  2713.804  1496.479   592.981
'2015-07-01 10:00:00'   400.000   383.000   400.000  2664.259  1584.000   610.000
'2015-07-01 10:15:00'   400.000   383.000   400.000  2521.400  1590.881   635.049
'2015-07-01 10:30:00'   400.000   383.000   400.000  2693.013  1588.068   672.164
'2015-07-01 10:45:00'   400.000   383.000   400.000  2495.194  1635.265   749.493
'2015-07-01 11:00:00'   400.000   383.000   400.000  2401.846  1650.000   746.000
'2015-07-01 11:15:00'   400.000   383.000   400.000  2370.649  1678.766   734.546
'2015-07-01 11:30:00'   400.000   383.000   400.000  2573.723  1563.734   747.785
'2015-07-01 11:45:00'   400.000   383.000   400.000  2048.628  1549.292   800.587
'2015-07-01 12:00:00'   400.000   383.000   400.000  2167.371  1474.000   794.000
'2015-07-01 12:15:00'   400.000   383.000   400.000  2312.412  1446.955   728.666
'2015-07-01 12:30:00'   400.000   383.000   400.000  2070.393  1423.437   821.411
'2015-07-01 12:45:00'   400.000   383.000   400.000  1992.903  1451.801   746.302
'2015-07-01 13:00:00'   400.000   383.000   400.000  2147.958  1445.000   782.000
'2015-07-01 13:15:00'   400.000   383.000   400.000  2185.944  1383.210   755.356
'2015-07-01 13:30:00'   400.000   383.000   400.000  2151.690  1304.738   788.008
'2015-07-01 13:45:00'   400.000   383.000   400.000  2329.678  1198.351   824.211
'2015-07-01 14:00:00'   400.000   383.000   400.000  2363.133  1083.000   808.000
'2015-07-01 14:15:00'   400.000   383.000   400.000  2371.054  1015.266   798.909
'2015-07-01 14:30:00'   400.000   383.000   400.000  2457.252  1009.793   768.731
'2015-07-01 14:45:00'   400.000   383.000   400.000  2487.937   919.909   750.409
'2015-07-01 15:00:00'   400.000   383.000   400.000  2530.308   907.000   696.000
'2015-07-01 15:15:00'   400.000   383.000   400.000  2628.405   878.829   656.690
'2015-07-01 15:30:00'   400.000   383.000   400.000  2821.100   848.589   631.407
'2015-07-01 15:45:00'   400.000   383.000   400.000  2869.048   797.806   610.909
'2015-07-01 16:00:00'   400.000   383.000   400.000  2903.133   757.000   594.000
'2015-07-01 16:15:00'   400.000   383.000   400.000  2897.408   814.954   529.988
'2015-07-01 16:30:00'   400.000   383.000   400.000  3115.803   770.761   495.378
'2015-07-01 16:45:00'   400.000   383.000   400.000  3131.395   756.026   480.439
'2015-07-01 17:00:00'   400.000   383.000   400.000  3143.958   809.000   422.000
'2015-07-01 17:15:00'   400.000   383.000   400.000  3255.173   805.700   407.711
'2015-07-01 17:30:00'   400.000   383.000   400.000  3261.627   884.509   348.759
'2015-07-01 17:45:00'   400.000   383.000   400.000  3266.511   959.493   274.116
'2015-07-01 18:00:00'   400.000   383.000   400.000  3410.609   964.000   242.000
'2015-07-01 18:15:00'   400.000   383.000   400.000  3358.485  1110.542   191.350
'2015-07-01 18:30:00'   400.000   383.000   400.000  3191.356  1218.158   155.835
'2015-07-01 18:45:00'   400.000   383.000   400.000  3174.938  1259.930   117.273
'2015-07-01 19:00:00'   400.000   383.000   400.000  3185.434  1476.000    76.000
'2015-07-01 19:15:00'   400.000   383.000   400.000  2993.318  1611.781    55.926
'2015-07-01 19:30:00'   400.000   383.000   400.000  2888.765  1752.296    40.286
'2015-07-01 19:45:00'   400.000   383.000   400.000  2467.977  1888.115    22.494
'2015-07-01 20:00:00'   400.000   383.000   400.000  2554.609  2058.000     4.000
'2015-07-01 20:15:00'   400.000   383.000   400.000  2565.494  2022.731     2.987
'2015-07-01 20:30:00'   400.000   383.000   400.000  2365.889  2000.485     1.871
'2015-07-01 20:45:00'   400.000   383.000   400.000  2163.449  2110.461     0.920
'2015-07-01 21:00:00'   400.000   383.000   400.000  2195.133  2059.000          
'2015-07-01 21:15:00'   400.000   383.000   400.000  2108.807  2058.666          
'2015-07-01 21:30:00'   400.000   383.000   400.000  1622.340  2121.290          
'2015-07-01 21:45:00'   400.000   383.000   400.000  1796.020  2098.557          
'2015-07-01 22:00:00'   400.000   383.000   400.000  1496.007  2154.000          
'2015-07-01 22:15:00'   400.000   383.000   400.000  1399.479  2160.439          
'2015-07-01 22:30:00'   400.000   383.000   400.000  1274.452  2075.304          
'2015-07-01 22:45:00'   400.000   383.000   400.000   904.161  2217.574          
'2015-07-01 23:00:00'   400.000   383.000   400.000   868.881  2177.000          
'2015-07-01 23:15:00'   400.000   383.000   400.000   756.031  2121.431          
'2015-07-01 23:30:00'   400.000   383.000   400.000   795.890  2102.631          
'2015-07-01 23:45:00'   400.000   383.000   400.000   787.415  2015.693          
'2015-07-02 00:00:00'   400.000   383.000   400.000   545.320  2000.000          
'2015-07-02 00:15:00'   400.000   383.000   400.000   775.850  1931.598          
'2015-07-02 00:30:00'   400.000   383.000   400.000   747.088  1815.157          
'2015-07-02 00:45:00'   400.000   383.000   400.000   644.305  1855.606          
'2015-07-02 01:00:00'   400.000   383.000   400.000   693.140  1793.000          
'2015-07-02 01:15:00'   400.000   383.000   400.000   701.592  1696.657          
'2015-07-02 01:30:00'   400.000   383.000   400.000   792.426  1676.370          
'2015-07-02 01:45:00'   400.000   383.000   400.000   804.711  1659.189          
'2015-07-02 02:00:00'   400.000   383.000   400.000   769.781  1598.000          
'2015-07-02 02:15:00'   400.000   383.000   400.000   780.491  1539.272          
'2015-07-02 02:30:00'   400.000   383.000   400.000   789.557  1501.985          
'2015-07-02 02:45:00'   400.000   383.000   400.000   705.006  1494.303          
'2015-07-02 03:00:00'   400.000   383.000   400.000   820.421  1429.000          
'2015-07-02 03:15:00'   400.000   383.000   400.000   812.457  1387.713          
'2015-07-02 03:30:00'   400.000   383.000   400.000   929.909  1310.766          
'2015-07-02 03:45:00'   400.000   383.000   400.000  1149.273  1230.124          
'2015-07-02 04:00:00'   400.000   383.000   400.000  1148.601  1160.000          
'2015-07-02 04:15:00'   400.000   383.000   400.000  1316.197  1124.680          
'2015-07-02 04:30:00'   400.000   383.000   400.000  1399.900  1056.534          
'2015-07-02 04:45:00'   400.000   383.000   400.000  1509.830  1030.223          
'2015-07-02 05:00:00'   400.000   383.000   400.000  1656.679  1007.000          
'2015-07-02 05:15:00'   400.000   383.000   400.000  1745.004   991.517     0.429
'2015-07-02 05:30:00'   400.000   383.000   400.000  1917.563   943.652     0.982
'2015-07-02 05:45:00'   400.000   383.000   400.000  2060.706   923.175     1.641
'2015-07-02 06:00:00'   400.000   383.000   400.000  2176.937   899.000     2.000
'2015-07-02 06:15:00'   400.000   383.000   400.000  2353.184   829.694    17.139
'2015-07-02 06:30:00'   400.000   383.000   400.000  2745.873   735.435    33.798
'2015-07-02 06:45:00'   400.000   383.000   400.000  2943.170   716.569    52.265
'2015-07-02 07:00:00'   400.000   383.000   400.000  3127.273   654.000    66.000
'2015-07-02 07:15:00'   400.000   383.000   400.000  3168.652   614.676   106.920
'2015-07-02 07:30:00'   400.000   383.000   400.000  3498.200   567.625   142.899
'2015-07-02 07:45:00'   400.000   383.000   400.000  3424.616   525.482   182.535
'2015-07-02 08:00:00'   400.000   383.000   400.000  3769.070   450.000   220.000
'2015-07-02 08:15:00'   400.000   383.000   400.000  3800.495   451.257   277.644
'2015-07-02 08:30:00'   400.000   383.000   400.000  3709.674   460.031   330.510
'2015-07-02 08:45:00'   400.000   383.000   400.000  3972.955   466.829   362.390
'2015-07-02 09:00:00'   400.000   383.000   400.000  3781.788   458.000   436.000
'2015-07-02 09:15:00'   400.000   383.000   400.000  3825.868   386.662   477.301
'2015-07-02 09:30:00'   400.000   383.000   400.000  3933.327   330.200   482.226
'2015-07-02 09:45:00'   400.000   383.000   400.000  3820.148   273.785   569.599
'2015-07-02 10:00:00'   400.000   383.000   400.000  3943.968   209.000   582.000
'2015-07-02 10:15:00'   400.000   383.000   400.000  3956.855   224.510   625.214
'2015-07-02 10:30:00'   400.000   383.000   400.000  3774.877   250.787   656.157
'2015-07-02 10:45:00'   400.000   383.000   400.000  3601.728   265.042   708.764
'2015-07-02 11:00:00'   400.000   383.000   400.000  3668.788   273.000   734.000
'2015-07-02 11:15:00'   400.000   383.000   400.000  3580.713   261.805   764.040
'2015-07-02 11:30:00'   400.000   383.000   400.000  3558.884   248.510   788.900
'2015-07-02 11:45:00'   400.000   383.000   400.000  3361.467   242.238   809.130
'2015-07-02 12:00:00'   400.000   383.000   400.000  3300.710   218.000   802.000
'2015-07-02 12:15:00'   400.000   383.000   400.000  3167.869   221.884   799.299
'2015-07-02 12:30:00'   400.000   383.000   400.000  3460.395   234.391   785.888
'2015-07-02 12:45:00'   400.000   383.000   400.000  3111.285   243.025   779.482
'2015-07-02 13:00:00'   400.000   383.000   400.000  3215.531   246.000   800.000
'2015-07-02 13:15:00'   400.000   383.000   400.000  3050.057   243.487   798.402
'2015-07-02 13:30:00'   400.000   383.000   400.000  3128.959   254.027   803.817
'2015-07-02 13:45:00'   400.000   383.000   400.000  3138.239   268.176   782.423
'2015-07-02 14:00:00'   400.000   383.000   400.000  3106.171   269.000   768.000
'2015-07-02 14:15:00'   400.000   383.000   400.000  3246.461   275.527   708.848
'2015-07-02 14:30:00'   400.000   383.000   400.000  2918.665   260.153   695.542
'2015-07-02 14:45:00'   400.000   383.000   400.000  3140.792   278.634   686.525
'2015-07-02 15:00:00'   400.000   383.000   400.000  3062.812   288.000   674.000
'2015-07-02 15:15:00'   400.000   383.000   400.000  3177.352   297.319   618.650
'2015-07-02 15:30:00'   400.000   383.000   400.000  3172.834   301.057   656.735
'2015-07-02 15:45:00'   400.000   383.000   400.000  3127.036   328.810   571.679
'2015-07-02 16:00:00'   400.000   383.000   400.000  3244.171   327.000   572.000
'2015-07-02 16:15:00'   400.000   383.000   400.000  3240.750   384.045   522.668
'2015-07-02 16:30:00'   400.000   383.000   400.000  3282.234   423.576   462.640
'2015-07-02 16:45:00'   400.000   383.000   400.000  3232.697   465.977   433.812
'2015-07-02 17:00:00'   400.000   383.000   400.000  3348.531   509.000   404.000
'2015-07-02 17:15:00'   400.000   383.000   400.000  3462.565   590.119   379.131
'2015-07-02 17:30:00'   400.000   383.000   400.000  3396.149   688.649   309.187
'2015-07-02 17:45:00'   400.000   383.000   400.000  3515.091   730.377   283.106
'2015-07-02 18:00:00'   400.000   383.000   400.000  3436.249   838.000   224.000
'2015-07-02 18:15:00'   400.000   383.000   400.000  3465.321   944.163   185.553
'2015-07-02 18:30:00'   400.000   383.000   400.000  3560.690  1019.230   151.081
'2015-07-02 18:45:00'   400.000   383.000   400.000  3402.393  1106.284   118.265
'2015-07-02 19:00:00'   400.000   383.000   400.000  3326.609  1208.000    82.000
'2015-07-02 19:15:00'   400.000   383.000   400.000  3289.571  1280.912    63.251
'2015-07-02 19:30:00'   400.000   383.000   400.000  3131.197  1433.292    42.208
'2015-07-02 19:45:00'   400.000   383.000   400.000  2959.884  1555.654    20.990
'2015-07-02 20:00:00'   400.000   383.000   400.000  2815.249  1679.000     4.000
'2015-07-02 20:15:00'   400.000   383.000   400.000  2732.443  1601.693     2.818
'2015-07-02 20:30:00'   400.000   383.000   400.000  2838.312  1552.064     1.856
'2015-07-02 20:45:00'   400.000   383.000   400.000  2756.223  1455.581     0.840
'2015-07-02 21:00:00'   400.000   383.000   400.000  2781.171  1362.000          
'2015-07-02 21:15:00'   400.000   383.000   400.000  2542.666  1390.356          
'2015-07-02 21:30:00'   400.000   383.000   400.000  2471.024  1335.612          
'2015-07-02 21:45:00'   400.000   383.000   400.000  2316.811  1335.959          
'2015-07-02 22:00:00'   400.000   383.000   400.000  2228.374  1323.000          
'2015-07-02 22:15:00'   400.000   383.000   400.000  1937.931  1398.873          
'2015-07-02 22:30:00'   400.000   383.000   400.000  1853.042  1395.770          
'2015-07-02 22:45:00'   400.000   383.000   400.000  1669.933  1481.531          
'2015-07-02 23:00:00'   400.000   383.000   400.000  1451.578  1508.000          
'2015-07-02 23:15:00'   400.000   383.000   400.000  1283.275  1487.194          
'2015-07-02 23:30:00'   400.000   383.000   400.000  1153.911  1549.508          
'2015-07-02 23:45:00'   400.000   383.000   400.000  1057.450  1552.901          
'2015-07-03 00:00:00'   400.000   383.000   400.000   912.647  1555.000          
'2015-07-03 00:15:00'   400.000   383.000   400.000   973.569  1456.989          
'2015-07-03 00:30:00'   400.000   383.000   400.000  1026.430  1391.031          
'2015-07-03 00:45:00'   400.000   383.000   400.000  1155.214  1307.652          
'2015-07-03 01:00:00'   400.000   383.000   400.000  1216.700  1193.000          
'2015-07-03 01:15:00'   400.000   383.000   400.000  1369.230  1162.303          
'2015-07-03 01:30:00'   400.000   383.000   400.000  1290.677  1051.923          
'2015-07-03 01:45:00'   400.000   383.000   400.000  1188.686  1041.216          
'2015-07-03 02:00:00'   400.000   383.000   400.000  1310.806   983.000          
'2015-07-03 02:15:00'   400.000   383.000   400.000  1190.435  1048.573          
'2015-07-03 02:30:00'   400.000   383.000   400.000  1122.734  1056.896          
'2015-07-03 02:45:00'   400.000   383.000   400.000  1029.894  1159.031          
'2015-07-03 03:00:00'   400.000   383.000   400.000   988.913  1189.000          
'2015-07-03 03:15:00'   400.000   383.000   400.000  1119.881  1075.916          
'2015-07-03 03:30:00'   400.000   383.000   400.000  1131.755  1080.443          
'2015-07-03 03:45:00'   400.000   383.000   400.000  1111.106  1044.240          
'2015-07-03 04:00:00'   400.000   383.000   400.000  1269.859   966.000          
'2015-07-03 04:15:00'   400.000   383.000   400.000  1377.084   998.992          
'2015-07-03 04:30:00'   400.000   383.000   400.000  1352.281   973.741          
'2015-07-03 04:45:00'   400.000   383.000   400.000  1564.523   976.254          
'2015-07-03 05:00:00'   400.000   383.000   400.000  1586.540   997.000          
'2015-07-03 05:15:00'   400.000   383.000   400.000  1746.532   956.945     0.538
'2015-07-03 05:30:00'   400.000   383.000   400.000  1774.917  1006.382     0.883
'2015-07-03 05:45:00'   400.000   383.000   400.000  1885.435   957.459     1.310
'2015-07-03 06:00:00'   400.000   383.000   400.000  2013.167   974.000     2.000
'2015-07-03 06:15:00'   400.000   383.000   400.000  2201.576   837.907    19.456
'2015-07-03 06:30:00'   400.000   383.000   400.000  2608.201   695.098    30.926
'2015-07-03 06:45:00'   400.000   383.000   400.000  2864.698   571.247    52.472
'2015-07-03 07:00:00'   400.000   383.000   400.000  3255.475   419.000    68.000
'2015-07-03 07:15:00'   400.000   383.000   400.000  3539.034   331.164   113.438
'2015-07-03 07:30:00'   400.000   383.000   400.000  3725.562   258.632   154.188
'2015-07-03 07:45:00'   400.000   383.000   400.000  3843.666   190.519   182.259
'2015-07-03 08:00:00'   400.000   383.000   400.000  3972.943   109.000   240.000
'2015-07-03 08:15:00'   400.000   383.000   400.000  3890.497   160.786   292.021
'2015-07-03 08:30:00'   400.000   383.000   400.000  3957.946   201.160   327.596
'2015-07-03 08:45:00'   400.000   383.000   400.000  3988.118   246.639   385.381
'2015-07-03 09:00:00'   400.000   383.000   400.000  3825.730   304.000   424.000
'2015-07-03 09:15:00'   400.000   383.000   400.000  3760.586   378.359   435.659
'2015-07-03 09:30:00'   400.000   383.000   400.000  3549.228   424.646   503.560
'2015-07-03 09:45:00'   400.000   383.000   400.000  3561.316   517.608   501.541
'2015-07-03 10:00:00'   400.000   383.000   400.000  3475.677   580.000   556.000
'2015-07-03 10:15:00'   400.000   383.000   400.000  3408.976   626.672   581.833
'2015-07-03 10:30:00'   400.000   383.000   400.000  3133.604   673.997   649.403
'2015-07-03 10:45:00'   400.000   383.000   400.000  3383.736   736.732   659.758
'2015-07-03 11:00:00'   400.000   383.000   400.000  3063.730   798.000   692.000
'2015-07-03 11:15:00'   400.000   383.000   400.000  3108.198   810.424   675.686
'2015-07-03 11:30:00'   400.000   383.000   400.000  2758.684   767.588   711.447
'2015-07-03 11:45:00'   400.000   383.000   400.000  2875.267   802.411   703.602
'2015-07-03 12:00:00'   400.000   383.000   400.000  2688.050   756.000   762.000
'2015-07-03 12:15:00'   400.000   383.000   400.000  2549.944   779.106   796.884
'2015-07-03 12:30:00'   400.000   383.000   400.000  2676.678   748.199   795.433
'2015-07-03 12:45:00'   400.000   383.000   400.000  2685.299   782.836   861.042
'2015-07-03 13:00:00'   400.000   383.000   400.000  2539.103   801.000   808.000
'2015-07-03 13:15:00'   400.000   383.000   400.000  2551.919   788.758   762.869
'2015-07-03 13:30:00'   400.000   383.000   400.000  2486.134   812.562   771.374
'2015-07-03 13:45:00'   400.000   383.000   400.000  2617.693   771.456   740.262
'2015-07-03 14:00:00'   400.000   383.000   400.000  2461.209   777.000   794.000
'2015-07-03 14:15:00'   400.000   383.000   400.000  2512.251   744.725   744.498
'2015-07-03 14:30:00'   400.000   383.000   400.000  2429.742   718.181   748.085
'2015-07-03 14:45:00'   400.000   383.000   400.000  2659.021   655.430   745.269
'2015-07-03 15:00:00'   400.000   383.000   400.000  2621.316   611.000   684.000
'2015-07-03 15:15:00'   400.000   383.000   400.000  2823.829   590.764   684.300
'2015-07-03 15:30:00'   400.000   383.000   400.000  2957.472   580.650   620.709
'2015-07-03 15:45:00'   400.000   383.000   400.000  2625.398   572.047   628.948
'2015-07-03 16:00:00'   400.000   383.000   400.000  2900.209   554.000   578.000
'2015-07-03 16:15:00'   400.000   383.000   400.000  2807.979   579.618   576.088
'2015-07-03 16:30:00'   400.000   383.000   400.000  3055.322   585.519   509.491
'2015-07-03 16:45:00'   400.000   383.000   400.000  3241.084   604.306   482.980
'2015-07-03 17:00:00'   400.000   383.000   400.000  3090.103   636.000   422.000
'2015-07-03 17:15:00'   400.000   383.000   400.000  3109.670   701.049   367.083
'2015-07-03 17:30:00'   400.000   383.000   400.000  3127.506   761.009   328.774
'2015-07-03 17:45:00'   400.000   383.000   400.000  3125.428   847.048   265.823
'2015-07-03 18:00:00'   400.000   383.000   400.000  3237.890   916.000   226.000
'2015-07-03 18:15:00'   400.000   383.000   400.000  3175.005  1025.626   194.684
'2015-07-03 18:30:00'   400.000   383.000   400.000  3251.702  1097.271   145.204
'2015-07-03 18:45:00'   400.000   383.000   400.000  3241.198  1164.894   111.313
'2015-07-03 19:00:00'   400.000   383.000   400.000  3170.783  1255.000    70.000
'2015-07-03 19:15:00'   400.000   383.000   400.000  3168.249  1327.229    51.837
'2015-07-03 19:30:00'   400.000   383.000   400.000  3016.672  1443.216    39.211
'2015-07-03 19:45:00'   400.000   383.000   400.000  2718.374  1591.449    19.426
'2015-07-03 20:00:00'   400.000   383.000   400.000  2753.890  1622.000     4.000
'2015-07-03 20:15:00'   400.000   383.000   400.000  2629.663  1671.359     2.736
'2015-07-03 20:30:00'   400.000   383.000   400.000  2468.884  1738.856     2.128
'2015-07-03 20:45:00'   400.000   383.000   400.000  2295.842  1772.401     0.991
'2015-07-03 21:00:00'   400.000   383.000   400.000  2247.209  1785.000          
'2015-07-03 21:15:00'   400.000   383.000   400.000  2028.442  1817.156          
'2015-07-03 21:30:00'   400.000   383.000   400.000  2017.476  1898.543          
'2015-07-03 21:45:00'   400.000   383.000   400.000  1745.758  1914.997          
'2015-07-03 22:00:00'   400.000   383.000   400.000  1494.742  1958.000          
'2015-07-03 22:15:00'   400.000   383.000   400.000  1419.898  1979.176          
'2015-07-03 22:30:00'   400.000   383.000   400.000  1442.458  1840.692          
'2015-07-03 22:45:00'   400.000   383.000   400.000  1072.063  1865.013          
'2015-07-03 23:00:00'   400.000   383.000   400.000   999.274  1874.000          
'2015-07-03 23:15:00'   400.000   383.000   400.000   827.535  1929.029          
'2015-07-03 23:30:00'   400.000   383.000   400.000   717.862  1907.743          
'2015-07-03 23:45:00'   400.000   383.000   400.000   555.955  2044.810          
'2015-07-04 00:00:00'   400.000   383.000   400.000   342.028  2035.000          
'2015-07-04 00:15:00'   400.000   383.000   400.000   374.612  2033.277          
'2015-07-04 00:30:00'   400.000   383.000   400.000   160.298  2113.499          
'2015-07-04 00:45:00'   400.000   383.000   400.000   229.169  2060.846          
'2015-07-04 01:00:00'   400.000   383.000   400.000   200.094  2082.000          
'2015-07-04 01:15:00'   400.000   383.000   400.000   102.691  2001.874          
'2015-07-04 01:30:00'   400.000   383.000   400.000   139.257  1958.358          
'2015-07-04 01:45:00'   400.000   383.000   400.000   173.933  1948.827          
'2015-07-04 02:00:00'   400.000   383.000   400.000   215.225  1877.000          
'2015-07-04 02:15:00'   400.000   383.000   400.000   285.513  1781.237          
'2015-07-04 02:30:00'   400.000   383.000   400.000   337.919  1735.410          
'2015-07-04 02:45:00'   400.000   383.000   400.000   223.626  1826.624          
'2015-07-04 03:00:00'   400.000   383.000   400.000   246.824  1703.000          
'2015-07-04 03:15:00'   400.000   383.000   400.000   285.684  1672.576          
'2015-07-04 03:30:00'   400.000   383.000   400.000   315.773  1673.406          
'2015-07-04 03:45:00'   400.000   383.000   400.000   210.726  1662.319          
'2015-07-04 04:00:00'   400.000   383.000   400.000   306.357  1596.000          
'2015-07-04 04:15:00'   400.000   383.000   400.000   334.493  1563.626          
'2015-07-04 04:30:00'   400.000   383.000   400.000   415.896  1529.478          
'2015-07-04 04:45:00'   400.000   383.000   400.000   296.442  1573.145          
'2015-07-04 05:00:00'   400.000   383.000   400.000   386.357  1516.000          
'2015-07-04 05:15:00'   400.000   383.000   400.000   404.119  1516.889     0.471
'2015-07-04 05:30:00'   400.000   383.000   400.000   419.176  1505.745     0.825
'2015-07-04 05:45:00'   400.000   383.000   400.000   508.756  1516.095     1.321
'2015-07-04 06:00:00'   400.000   383.000   400.000   599.758  1443.000     2.000
'2015-07-04 06:15:00'   400.000   383.000   400.000   702.019  1381.602    18.191
'2015-07-04 06:30:00'   400.000   383.000   400.000   911.639  1281.927    36.304
'2015-07-04 06:45:00'   400.000   383.000   400.000   939.002  1234.318    49.718
'2015-07-04 07:00:00'   400.000   383.000   400.000  1173.561  1088.000    68.000
'2015-07-04 07:15:00'   400.000   383.000   400.000  1365.342   993.607   105.979
'2015-07-04 07:30:00'   400.000   383.000   400.000  1527.311   869.131   146.426
'2015-07-04 07:45:00'   400.000   383.000   400.000  1719.148   815.943   176.657
'2015-07-04 08:00:00'   400.000   383.000   400.000  1778.764   744.000   234.000
'2015-07-04 08:15:00'   400.000   383.000   400.000  1951.719   704.205   274.088
'2015-07-04 08:30:00'   400.000   383.000   400.000  1795.734   706.535   313.482
'2015-07-04 08:45:00'   400.000   383.000   400.000  2045.129   694.052   349.698
'2015-07-04 09:00:00'   400.000   383.000   400.000  1922.566   701.000   418.000
'2015-07-04 09:15:00'   400.000   383.000   400.000  1992.538   688.101   443.936
'2015-07-04 09:30:00'   400.000   383.000   400.000  1943.302   682.847   468.954
'2015-07-04 09:45:00'   400.000   383.000   400.000  1944.915   698.122   536.895
'2015-07-04 10:00:00'   400.000   383.000   400.000  1943.967   700.000   540.000
'2015-07-04 10:15:00'   400.000   383.000   400.000  2036.557   647.891   556.809
'2015-07-04 10:30:00'   400.000   383.000   400.000  2107.459   596.153   619.737
'2015-07-04 10:45:00'   400.000   383.000   400.000  2173.375   535.533   624.320
'2015-07-04 11:00:00'   400.000   383.000   400.000  2118.901   504.000   656.000
'2015-07-04 11:15:00'   400.000   383.000   400.000  2238.122   459.882   667.705
'2015-07-04 11:30:00'   400.000   383.000   400.000  2213.084   414.688   651.564
'2015-07-04 11:45:00'   400.000   383.000   400.000  2047.247   372.858   756.532
'2015-07-04 12:00:00'   400.000   383.000   400.000  2100.500   286.000   750.000
'2015-07-04 12:15:00'   400.000   383.000   400.000  2146.134   279.107   711.059
'2015-07-04 12:30:00'   400.000   383.000   400.000  2051.672   297.403   715.373
'2015-07-04 12:45:00'   400.000   383.000   400.000  2003.271   304.196   778.651
'2015-07-04 13:00:00'   400.000   383.000   400.000  2019.033   290.000   780.000
'2015-07-04 13:15:00'   400.000   383.000   400.000  2048.582   270.109   764.183
'2015-07-04 13:30:00'   400.000   383.000   400.000  1957.954   238.316   812.642
'2015-07-04 13:45:00'   400.000   383.000   400.000  2021.458   232.031   755.169
'2015-07-04 14:00:00'   400.000   383.000   400.000  2132.033   229.000   728.000
'2015-07-04 14:15:00'   400.000   383.000   400.000  2125.623   242.286   740.248
'2015-07-04 14:30:00'   400.000   383.000   400.000  2062.878   245.317   666.419
'2015-07-04 14:45:00'   400.000   383.000   400.000  1944.890   245.544   689.158
'2015-07-04 15:00:00'   400.000   383.000   400.000  1986.165   251.000   662.000
'2015-07-04 15:15:00'   400.000   383.000   400.000  2031.702   248.112   648.279
'2015-07-04 15:30:00'   400.000   383.000   400.000  2087.245   231.213   566.522
'2015-07-04 15:45:00'   400.000   383.000   400.000  2056.385   222.678   565.278
'2015-07-04 16:00:00'   400.000   383.000   400.000  2081.698   204.000   566.000
'2015-07-04 16:15:00'   400.000   383.000   400.000  2096.073   189.387   558.256
'2015-07-04 16:30:00'   400.000   383.000   400.000  2148.648   159.600   457.310
'2015-07-04 16:45:00'   400.000   383.000   400.000  2486.700   135.128   428.413
'2015-07-04 17:00:00'   400.000   383.000   400.000  2476.099   120.000   398.000
'2015-07-04 17:15:00'   400.000   383.000   400.000  2417.671   173.825   355.150
'2015-07-04 17:30:00'   400.000   383.000   400.000  2497.882   223.278   287.006
'2015-07-04 17:45:00'   400.000   383.000   400.000  2648.048   293.682   256.270
'2015-07-04 18:00:00'   400.000   383.000   400.000  2637.967   342.000   204.000
'2015-07-04 18:15:00'   400.000   383.000   400.000  2786.195   347.291   166.627
'2015-07-04 18:30:00'   400.000   383.000   400.000  2919.923   333.424   134.919
'2015-07-04 18:45:00'   400.000   383.000   400.000  2928.539   346.478   108.014
'2015-07-04 19:00:00'   400.000   383.000   400.000  3144.703   347.000    72.000
'2015-07-04 19:15:00'   400.000   383.000   400.000  2948.059   406.423    58.558
'2015-07-04 19:30:00'   400.000   383.000   400.000  2908.508   437.872    39.502
'2015-07-04 19:45:00'   400.000   383.000   400.000  2929.962   499.190    22.236
'2015-07-04 20:00:00'   400.000   383.000   400.000  2873.302   542.000     6.000
'2015-07-04 20:15:00'   400.000   383.000   400.000  2880.500   651.141     4.620
'2015-07-04 20:30:00'   400.000   383.000   400.000  2636.274   721.218     3.172
'2015-07-04 20:45:00'   400.000   383.000   400.000  2513.314   809.016     1.428
'2015-07-04 21:00:00'   400.000   383.000   400.000  2402.368   924.000          
'2015-07-04 21:15:00'   400.000   383.000   400.000  2313.768   894.219          
'2015-07-04 21:30:00'   400.000   383.000   400.000  2333.782   892.760          
'2015-07-04 21:45:00'   400.000   383.000   400.000  2269.762   856.746          
'2015-07-04 22:00:00'   400.000   383.000   400.000  2267.033   822.000          
'2015-07-04 22:15:00'   400.000   383.000   400.000  2185.488   845.817          
'2015-07-04 22:30:00'   400.000   383.000   400.000  2242.661   795.196          
'2015-07-04 22:45:00'   400.000   383.000   400.000  2061.281   771.670          
'2015-07-04 23:00:00'   400.000   383.000   400.000  2055.698   796.000          
'2015-07-04 23:15:00'   400.000   383.000   400.000  1896.037   784.834          
'2015-07-04 23:30:00'   400.000   383.000   400.000  1744.257   812.682          
'2015-07-04 23:45:00'   400.000   383.000   400.000  1655.129   795.610          
'2015-07-05 00:00:00'   400.000   383.000   400.000  1444.559   840.000          
'2015-07-05 00:15:00'   400.000   383.000   400.000  1290.670   896.492          
'2015-07-05 00:30:00'   400.000   383.000   400.000  1273.824   874.745          
'2015-07-05 00:45:00'   400.000   383.000   400.000  1280.305   857.803          
'2015-07-05 01:00:00'   400.000   383.000   400.000  1335.091   857.000          
'2015-07-05 01:15:00'   400.000   383.000   400.000  1183.618   871.341          
'2015-07-05 01:30:00'   400.000   383.000   400.000  1158.927   896.666          
'2015-07-05 01:45:00'   400.000   383.000   400.000  1188.963   854.684          
'2015-07-05 02:00:00'   400.000   383.000   400.000  1152.155   855.000          
'2015-07-05 02:15:00'   400.000   383.000   400.000  1129.751   908.296          
'2015-07-05 02:30:00'   400.000   383.000   400.000   968.662   978.110          
'2015-07-05 02:45:00'   400.000   383.000   400.000   826.260  1035.680          
'2015-07-05 03:00:00'   400.000   383.000   400.000   780.452  1088.000          
'2015-07-05 03:15:00'   400.000   383.000   400.000   721.773  1150.711          
'2015-07-05 03:30:00'   400.000   383.000   400.000   865.432  1085.604          
'2015-07-05 03:45:00'   400.000   383.000   400.000   544.045  1265.547          
'2015-07-05 04:00:00'   400.000   383.000   400.000   616.218  1206.000          
'2015-07-05 04:15:00'   400.000   383.000   400.000   648.690  1155.026          
'2015-07-05 04:30:00'   400.000   383.000   400.000   811.346  1099.116          
'2015-07-05 04:45:00'   400.000   383.000   400.000   750.959  1075.437          
'2015-07-05 05:00:00'   400.000   383.000   400.000   788.218  1034.000          
'2015-07-05 05:15:00'   400.000   383.000   400.000   844.162  1000.362     0.518
'2015-07-05 05:30:00'   400.000   383.000   400.000   926.068   910.572     1.069
'2015-07-05 05:45:00'   400.000   383.000   400.000  1001.096   877.116     1.655
'2015-07-05 06:00:00'   400.000   383.000   400.000  1145.921   813.000     2.000
'2015-07-05 06:15:00'   400.000   383.000   400.000  1273.648   751.751    16.140
'2015-07-05 06:30:00'   400.000   383.000   400.000  1415.315   646.689    29.379
'2015-07-05 06:45:00'   400.000   383.000   400.000  1533.299   623.089    43.101
'2015-07-05 07:00:00'   400.000   383.000   400.000  1647.325   533.000    58.000
'2015-07-05 07:15:00'   400.000   383.000   400.000  1780.209   467.614    93.016
'2015-07-05 07:30:00'   400.000   383.000   400.000  1793.930   436.678   133.489
'2015-07-05 07:45:00'   400.000   383.000   400.000  2040.493   370.487   148.492
'2015-07-05 08:00:00'   400.000   383.000   400.000  2155.432   303.000   196.000
'2015-07-05 08:15:00'   400.000   383.000   400.000  2236.250   308.535   233.818
'2015-07-05 08:30:00'   400.000   383.000   400.000  2104.356   332.472   279.372
'2015-07-05 08:45:00'   400.000   383.000   400.000  2160.979   312.494   324.482
'2015-07-05 09:00:00'   400.000   383.000   400.000  2231.837   340.000   360.000
'2015-07-05 09:15:00'   400.000   383.000   400.000  2149.307   319.472   378.415
'2015-07-05 09:30:00'   400.000   383.000   400.000  2325.714   295.477   391.308
'2015-07-05 09:45:00'   400.000   383.000   400.000  2303.309   274.875   436.741
'2015-07-05 10:00:00'   400.000   383.000   400.000  2349.539   257.000   464.000
'2015-07-05 10:15:00'   400.000   383.000   400.000  2206.691   293.690   498.962
'2015-07-05 10:30:00'   400.000   383.000   400.000  2177.319   336.069   550.569
'2015-07-05 10:45:00'   400.000   383.000   400.000  2306.217   380.943   580.292
'2015-07-05 11:00:00'   400.000   383.000   400.000  2117.008   414.000   632.000
'2015-07-05 11:15:00'   400.000   383.000   400.000  2056.494   548.565   635.715
'2015-07-05 11:30:00'   400.000   383.000   400.000  1833.231   634.874   640.509
'2015-07-05 11:45:00'   400.000   383.000   400.000  1471.708   788.544   741.921
'2015-07-05 12:00:00'   400.000   383.000   400.000  1344.305   924.000   756.000
'2015-07-05 12:15:00'   400.000   383.000   400.000  1378.852   972.692   736.214
'2015-07-05 12:30:00'   400.000   383.000   400.000  1242.115  1039.863   730.719
'2015-07-05 12:45:00'   400.000   383.000   400.000  1380.868  1066.007   734.454
'2015-07-05 13:00:00'   400.000   383.000   400.000  1147.071  1085.000   746.000
'2015-07-05 13:15:00'   400.000   383.000   400.000  1082.463  1080.235   754.177
'2015-07-05 13:30:00'   400.000   383.000   400.000  1147.922  1091.463   740.577
'2015-07-05 13:45:00'   400.000   383.000   400.000  1211.434  1052.674   710.383
'2015-07-05 14:00:00'   400.000   383.000   400.000  1158.071  1092.000   728.000
'2015-07-05 14:15:00'   400.000   383.000   400.000  1216.050  1022.810   669.072
'2015-07-05 14:30:00'   400.000   383.000   400.000  1263.409   944.765   750.552
'2015-07-05 14:45:00'   400.000   383.000   400.000  1254.367   879.140   690.510
'2015-07-05 15:00:00'   400.000   383.000   400.000  1321.135   790.000   682.000
'2015-07-05 15:15:00'   400.000   383.000   400.000  1399.228   730.481   662.826
'2015-07-05 15:30:00'   400.000   383.000   400.000  1580.869   666.719   623.742
'2015-07-05 15:45:00'   400.000   383.000   400.000  1679.976   587.977   617.983
'2015-07-05 16:00:00'   400.000   383.000   400.000  1664.901   532.000   550.000
'2015-07-05 16:15:00'   400.000   383.000   400.000  1692.576   505.700   545.168
'2015-07-05 16:30:00'   400.000   383.000   400.000  1909.621   465.028   510.676
'2015-07-05 16:45:00'   400.000   383.000   400.000  1899.710   442.341   445.508
'2015-07-05 17:00:00'   400.000   383.000   400.000  2065.603   408.000   412.000
'2015-07-05 17:15:00'   400.000   383.000   400.000  2173.664   396.466   379.407
'2015-07-05 17:30:00'   400.000   383.000   400.000  2233.485   384.014   300.196
'2015-07-05 17:45:00'   400.000   383.000   400.000  2329.130   378.318   277.149
'2015-07-05 18:00:00'   400.000   383.000   400.000  2467.539   361.000   242.000
'2015-07-05 18:15:00'   400.000   383.000   400.000  2583.859   476.899   197.809
'2015-07-05 18:30:00'   400.000   383.000   400.000  2539.819   584.057   156.645
'2015-07-05 18:45:00'   400.000   383.000   400.000  2516.083   719.341   120.453
'2015-07-05 19:00:00'   400.000   383.000   400.000  2522.412   840.000    78.000
'2015-07-05 19:15:00'   400.000   383.000   400.000  2297.021  1023.368    59.182
'2015-07-05 19:30:00'   400.000   383.000   400.000  2269.643  1164.131    40.195
'2015-07-05 19:45:00'   400.000   383.000   400.000  1941.217  1380.251    23.603
'2015-07-05 20:00:00'   400.000   383.000   400.000  1789.710  1508.000     4.000
'2015-07-05 20:15:00'   400.000   383.000   400.000  1615.895  1623.412     2.911
'2015-07-05 20:30:00'   400.000   383.000   400.000  1513.086  1698.818     2.019
'2015-07-05 20:45:00'   400.000   383.000   400.000  1462.050  1681.089     0.949
'2015-07-05 21:00:00'   400.000   383.000   400.000  1368.242  1841.000          
'2015-07-05 21:15:00'   400.000   383.000   400.000  1397.864  1824.302          
'2015-07-05 21:30:00'   400.000   383.000   400.000  1105.264  1878.958          
'2015-07-05 21:45:00'   400.000   383.000   400.000  1022.535  1924.137          
'2015-07-05 22:00:00'   400.000   383.000   400.000  1117.071  1861.000          
'2015-07-05 22:15:00'   400.000   383.000   400.000  1049.764  1845.332          
'2015-07-05 22:30:00'   400.000   383.000   400.000  1053.185  1941.676          
'2015-07-05 22:45:00'   400.000   383.000   400.000   600.276  2103.269          
'2015-07-05 23:00:00'   400.000   383.000   400.000   640.901  2106.000          
'2015-07-05 23:15:00'   400.000   383.000   400.000   720.935  2000.763          
'2015-07-05 23:30:00'   400.000   383.000   400.000   546.268  1937.117          
'2015-07-05 23:45:00'   400.000   383.000   400.000   433.246  1942.887          
'2015-07-06 00:00:00'   400.000   383.000   400.000   499.810  1929.000          
    ;


    PO_LineUtilization(iTime,iTransmissionLine) := data { } ;

    PO_OverGeneration(iTime) := data { } ;

    PO_UnmetDemand(iTime) := data { } ;

    VC_OnOffStatus(iTime,iNonRenewableGenerator) := data { } ;

    PD_SolutionTime := 7.047 ;

    PD_SolverStatus := "NormalCompletion" ;

