
    PO_GenerationByGeneratorType(iTime,iGeneratorType) := data table 
                        Nuclear      Coal       Oil  NGCC-New      Wind     Solar
                    !  --------  --------  --------  --------  --------  --------
'2015-07-01 00:00:00'   400.000   383.000   400.000   267.993  2355.000          
'2015-07-01 01:00:00'   400.000   383.000   400.000   355.581  2207.000          
'2015-07-01 02:00:00'   400.000   383.000   400.000   295.755  2146.000          
'2015-07-01 03:00:00'   400.000   383.000   400.000   296.930  2024.000          
'2015-07-01 04:00:00'   400.000   383.000   400.000   645.343  1736.000          
'2015-07-01 05:00:00'   400.000   383.000   400.000  1046.818  1697.000          
'2015-07-01 06:00:00'   400.000   383.000   400.000  1628.706  1534.000     4.000
'2015-07-01 07:00:00'   400.000   383.000   400.000  2398.070  1482.000    72.000
'2015-07-01 08:00:00'   400.000   383.000   400.000  2846.196  1456.000   254.000
'2015-07-01 09:00:00'   400.000   383.000   400.000  2963.846  1388.000   446.000
'2015-07-01 10:00:00'   400.000   383.000   400.000  2664.259  1584.000   610.000
'2015-07-01 11:00:00'   400.000   383.000   400.000  2401.846  1650.000   746.000
'2015-07-01 12:00:00'   400.000   383.000   400.000  2167.371  1474.000   794.000
'2015-07-01 13:00:00'   400.000   383.000   400.000  2147.958  1445.000   782.000
'2015-07-01 14:00:00'   400.000   383.000   400.000  2363.133  1083.000   808.000
'2015-07-01 15:00:00'   400.000   383.000   400.000  2530.308   907.000   696.000
'2015-07-01 16:00:00'   400.000   383.000   400.000  2903.133   757.000   594.000
'2015-07-01 17:00:00'   400.000   383.000   400.000  3143.958   809.000   422.000
'2015-07-01 18:00:00'   400.000   383.000   400.000  3410.609   964.000   242.000
'2015-07-01 19:00:00'   400.000   383.000   400.000  3185.434  1476.000    76.000
'2015-07-01 20:00:00'   400.000   383.000   400.000  2554.609  2058.000     4.000
'2015-07-01 21:00:00'   400.000   383.000   400.000  2195.133  2059.000          
'2015-07-01 22:00:00'   400.000   383.000   400.000  1496.007  2154.000          
'2015-07-01 23:00:00'   400.000   383.000   400.000   868.881  2177.000          
'2015-07-02 00:00:00'   400.000   383.000   400.000   545.320  2000.000          
'2015-07-02 01:00:00'   400.000   383.000   400.000   693.140  1793.000          
'2015-07-02 02:00:00'   400.000   383.000   400.000   769.781  1598.000          
'2015-07-02 03:00:00'   400.000   383.000   400.000   820.421  1429.000          
'2015-07-02 04:00:00'   400.000   383.000   400.000  1148.601  1160.000          
'2015-07-02 05:00:00'   400.000   383.000   400.000  1656.679  1007.000          
'2015-07-02 06:00:00'   400.000   383.000   400.000  2176.937   899.000     2.000
'2015-07-02 07:00:00'   400.000   383.000   400.000  3127.273   654.000    66.000
'2015-07-02 08:00:00'   400.000   383.000   400.000  3769.070   450.000   220.000
'2015-07-02 09:00:00'   400.000   383.000   400.000  3781.788   458.000   436.000
'2015-07-02 10:00:00'   400.000   383.000   400.000  3943.968   209.000   582.000
'2015-07-02 11:00:00'   400.000   383.000   400.000  3668.788   273.000   734.000
'2015-07-02 12:00:00'   400.000   383.000   400.000  3300.710   218.000   802.000
'2015-07-02 13:00:00'   400.000   383.000   400.000  3215.531   246.000   800.000
'2015-07-02 14:00:00'   400.000   383.000   400.000  3106.171   269.000   768.000
'2015-07-02 15:00:00'   400.000   383.000   400.000  3062.812   288.000   674.000
'2015-07-02 16:00:00'   400.000   383.000   400.000  3244.171   327.000   572.000
'2015-07-02 17:00:00'   400.000   383.000   400.000  3348.531   509.000   404.000
'2015-07-02 18:00:00'   400.000   383.000   400.000  3436.249   838.000   224.000
'2015-07-02 19:00:00'   400.000   383.000   400.000  3326.609  1208.000    82.000
'2015-07-02 20:00:00'   400.000   383.000   400.000  2815.249  1679.000     4.000
'2015-07-02 21:00:00'   400.000   383.000   400.000  2781.171  1362.000          
'2015-07-02 22:00:00'   400.000   383.000   400.000  2228.374  1323.000          
'2015-07-02 23:00:00'   400.000   383.000   400.000  1451.578  1508.000          
'2015-07-03 00:00:00'   400.000   335.647   400.000   960.000  1555.000          
'2015-07-03 01:00:00'   400.000   383.000   400.000  1216.700  1193.000          
'2015-07-03 02:00:00'   400.000   383.000   400.000  1310.806   983.000          
'2015-07-03 03:00:00'   400.000   383.000   400.000   988.913  1189.000          
'2015-07-03 04:00:00'   400.000   383.000   400.000  1269.859   966.000          
'2015-07-03 05:00:00'   400.000   383.000   400.000  1586.540   997.000          
'2015-07-03 06:00:00'   400.000   383.000   400.000  2013.167   974.000     2.000
'2015-07-03 07:00:00'   400.000   383.000   400.000  3255.475   419.000    68.000
'2015-07-03 08:00:00'   400.000   383.000   400.000  3972.943   109.000   240.000
'2015-07-03 09:00:00'   400.000   383.000   400.000  3825.730   304.000   424.000
'2015-07-03 10:00:00'   400.000   383.000   400.000  3475.677   580.000   556.000
'2015-07-03 11:00:00'   400.000   383.000   400.000  3063.730   798.000   692.000
'2015-07-03 12:00:00'   400.000   383.000   400.000  2688.050   756.000   762.000
'2015-07-03 13:00:00'   400.000   383.000   400.000  2539.103   801.000   808.000
'2015-07-03 14:00:00'   400.000   383.000   400.000  2461.209   777.000   794.000
'2015-07-03 15:00:00'   400.000   383.000   400.000  2621.316   611.000   684.000
'2015-07-03 16:00:00'   400.000   383.000   400.000  2900.209   554.000   578.000
'2015-07-03 17:00:00'   400.000   383.000   400.000  3090.103   636.000   422.000
'2015-07-03 18:00:00'   400.000   383.000   400.000  3237.890   916.000   226.000
'2015-07-03 19:00:00'   400.000   383.000   400.000  3170.783  1255.000    70.000
'2015-07-03 20:00:00'   400.000   383.000   400.000  2753.890  1622.000     4.000
'2015-07-03 21:00:00'   400.000   383.000   400.000  2247.209  1785.000          
'2015-07-03 22:00:00'   400.000   383.000   400.000  1494.742  1958.000          
'2015-07-03 23:00:00'   400.000   383.000   400.000   999.274  1874.000          
'2015-07-04 00:00:00'   400.000   383.000   400.000   342.028  2035.000          
'2015-07-04 01:00:00'   400.000   383.000   400.000   200.094  2082.000          
'2015-07-04 02:00:00'   400.000   383.000   400.000   215.225  1877.000          
'2015-07-04 03:00:00'   400.000   383.000   400.000   246.824  1703.000          
'2015-07-04 04:00:00'   400.000   383.000   400.000   306.357  1596.000          
'2015-07-04 05:00:00'   400.000   383.000   400.000   386.357  1516.000          
'2015-07-04 06:00:00'   400.000   383.000   400.000   599.758  1443.000     2.000
'2015-07-04 07:00:00'   400.000   383.000   400.000  1173.561  1088.000    68.000
'2015-07-04 08:00:00'   400.000   383.000   400.000  1778.764   744.000   234.000
'2015-07-04 09:00:00'   400.000   383.000   400.000  1922.566   701.000   418.000
'2015-07-04 10:00:00'   400.000   383.000   400.000  1943.967   700.000   540.000
'2015-07-04 11:00:00'   400.000   383.000   400.000  2118.901   504.000   656.000
'2015-07-04 12:00:00'   400.000   383.000   400.000  2100.500   286.000   750.000
'2015-07-04 13:00:00'   400.000   383.000   400.000  2019.033   290.000   780.000
'2015-07-04 14:00:00'   400.000   383.000   400.000  2132.033   229.000   728.000
'2015-07-04 15:00:00'   400.000   383.000   400.000  1986.165   251.000   662.000
'2015-07-04 16:00:00'   400.000   383.000   400.000  2081.698   204.000   566.000
'2015-07-04 17:00:00'   400.000   383.000   400.000  2476.099   120.000   398.000
'2015-07-04 18:00:00'   400.000   383.000   400.000  2637.967   342.000   204.000
'2015-07-04 19:00:00'   400.000   383.000   400.000  3144.703   347.000    72.000
'2015-07-04 20:00:00'   400.000   383.000   400.000  2873.302   542.000     6.000
'2015-07-04 21:00:00'   400.000   383.000   400.000  2402.368   924.000          
'2015-07-04 22:00:00'   400.000   383.000   400.000  2267.033   822.000          
'2015-07-04 23:00:00'   400.000   383.000   400.000  2055.698   796.000          
'2015-07-05 00:00:00'   400.000   383.000   400.000  1444.559   840.000          
'2015-07-05 01:00:00'   400.000   383.000   400.000  1335.091   857.000          
'2015-07-05 02:00:00'   400.000   383.000   400.000  1152.155   855.000          
'2015-07-05 03:00:00'   400.000   363.452   400.000   800.000  1088.000          
'2015-07-05 04:00:00'   400.000   359.218   400.000   640.000  1206.000          
'2015-07-05 05:00:00'   400.000   371.218   400.000   800.000  1034.000          
'2015-07-05 06:00:00'   400.000   383.000   400.000  1145.921   813.000     2.000
'2015-07-05 07:00:00'   400.000   383.000   400.000  1647.325   533.000    58.000
'2015-07-05 08:00:00'   400.000   383.000   400.000  2155.432   303.000   196.000
'2015-07-05 09:00:00'   400.000   383.000   400.000  2231.837   340.000   360.000
'2015-07-05 10:00:00'   400.000   383.000   400.000  2349.539   257.000   464.000
'2015-07-05 11:00:00'   400.000   383.000   400.000  2117.008   414.000   632.000
'2015-07-05 12:00:00'   400.000   383.000   400.000  1344.305   924.000   756.000
'2015-07-05 13:00:00'   400.000   383.000   400.000  1147.071  1085.000   746.000
'2015-07-05 14:00:00'   400.000   383.000   400.000  1158.071  1092.000   728.000
'2015-07-05 15:00:00'   400.000   383.000   400.000  1321.135   790.000   682.000
'2015-07-05 16:00:00'   400.000   383.000   400.000  1664.901   532.000   550.000
'2015-07-05 17:00:00'   400.000   383.000   400.000  2065.603   408.000   412.000
'2015-07-05 18:00:00'   400.000   383.000   400.000  2467.539   361.000   242.000
'2015-07-05 19:00:00'   400.000   383.000   400.000  2522.412   840.000    78.000
'2015-07-05 20:00:00'   400.000   383.000   400.000  1789.710  1508.000     4.000
'2015-07-05 21:00:00'   400.000   383.000   400.000  1368.242  1841.000          
'2015-07-05 22:00:00'   400.000   383.000   400.000  1117.071  1861.000          
'2015-07-05 23:00:00'   400.000   383.000   400.000   640.901  2106.000          
'2015-07-06 00:00:00'   400.000   383.000   400.000   499.810  1929.000          
    ;


    PO_LineUtilization(iTime,iTransmissionLine) := data { } ;

    PO_OverGeneration(iTime) := data { } ;

    PO_UnmetDemand(iTime) := data { } ;


    VC_OnOffStatus(iTime,iNonRenewableGenerator) := data table 
                          Nuclear1     Nuclear2     Nuclear3     Nuclear4         Oil2         Oil4         Oil7        Oil10
                    !  -----------  -----------  -----------  -----------  -----------  -----------  -----------  -----------
'2015-07-01 00:00:00'            1            1            1            1            1            1            1            1
'2015-07-01 01:00:00'            1            1            1            1            1            1            1            1
'2015-07-01 02:00:00'            1            1            1            1            1            1            1            1
'2015-07-01 03:00:00'            1            1            1            1            1            1            1            1
'2015-07-01 04:00:00'            1            1            1            1            1            1            1            1
'2015-07-01 05:00:00'            1            1            1            1            1            1            1            1
'2015-07-01 06:00:00'            1            1            1            1            1            1            1            1
'2015-07-01 07:00:00'            1            1            1            1            1            1            1            1
'2015-07-01 08:00:00'            1            1            1            1            1            1            1            1
'2015-07-01 09:00:00'            1            1            1            1            1            1            1            1
'2015-07-01 10:00:00'            1            1            1            1            1            1            1            1
'2015-07-01 11:00:00'            1            1            1            1            1            1            1            1
'2015-07-01 12:00:00'            1            1            1            1            1            1            1            1
'2015-07-01 13:00:00'            1            1            1            1            1            1            1            1
'2015-07-01 14:00:00'            1            1            1            1            1            1            1            1
'2015-07-01 15:00:00'            1            1            1            1            1            1            1            1
'2015-07-01 16:00:00'            1            1            1            1            1            1            1            1
'2015-07-01 17:00:00'            1            1            1            1            1            1            1            1
'2015-07-01 18:00:00'            1            1            1            1            1            1            1            1
'2015-07-01 19:00:00'            1            1            1            1            1            1            1            1
'2015-07-01 20:00:00'            1            1            1            1            1            1            1            1
'2015-07-01 21:00:00'            1            1            1            1            1            1            1            1
'2015-07-01 22:00:00'            1            1            1            1            1            1            1            1
'2015-07-01 23:00:00'            1            1            1            1            1            1            1            1
'2015-07-02 00:00:00'            1            1            1            1            1            1            1            1
'2015-07-02 01:00:00'            1            1            1            1            1            1            1            1
'2015-07-02 02:00:00'            1            1            1            1            1            1            1            1
'2015-07-02 03:00:00'            1            1            1            1            1            1            1            1
'2015-07-02 04:00:00'            1            1            1            1            1            1            1            1
'2015-07-02 05:00:00'            1            1            1            1            1            1            1            1
'2015-07-02 06:00:00'            1            1            1            1            1            1            1            1
'2015-07-02 07:00:00'            1            1            1            1            1            1            1            1
'2015-07-02 08:00:00'            1            1            1            1            1            1            1            1
'2015-07-02 09:00:00'            1            1            1            1            1            1            1            1
'2015-07-02 10:00:00'            1            1            1            1            1            1            1            1
'2015-07-02 11:00:00'            1            1            1            1            1            1            1            1
'2015-07-02 12:00:00'            1            1            1            1            1            1            1            1
'2015-07-02 13:00:00'            1            1            1            1            1            1            1            1
'2015-07-02 14:00:00'            1            1            1            1            1            1            1            1
'2015-07-02 15:00:00'            1            1            1            1            1            1            1            1
'2015-07-02 16:00:00'            1            1            1            1            1            1            1            1
'2015-07-02 17:00:00'            1            1            1            1            1            1            1            1
'2015-07-02 18:00:00'            1            1            1            1            1            1            1            1
'2015-07-02 19:00:00'            1            1            1            1            1            1            1            1
'2015-07-02 20:00:00'            1            1            1            1            1            1            1            1
'2015-07-02 21:00:00'            1            1            1            1            1            1            1            1
'2015-07-02 22:00:00'            1            1            1            1            1            1            1            1
'2015-07-02 23:00:00'            1            1            1            1            1            1            1            1
'2015-07-03 00:00:00'            1            1            1            1            1            1            1            1
'2015-07-03 01:00:00'            1            1            1            1            1            1            1            1
'2015-07-03 02:00:00'            1            1            1            1            1            1            1            1
'2015-07-03 03:00:00'            1            1            1            1            1            1            1            1
'2015-07-03 04:00:00'            1            1            1            1            1            1            1            1
'2015-07-03 05:00:00'            1            1            1            1            1            1            1            1
'2015-07-03 06:00:00'            1            1            1            1            1            1            1            1
'2015-07-03 07:00:00'            1            1            1            1            1            1            1            1
'2015-07-03 08:00:00'            1            1            1            1            1            1            1            1
'2015-07-03 09:00:00'            1            1            1            1            1            1            1            1
'2015-07-03 10:00:00'            1            1            1            1            1            1            1            1
'2015-07-03 11:00:00'            1            1            1            1            1            1            1            1
'2015-07-03 12:00:00'            1            1            1            1            1            1            1            1
'2015-07-03 13:00:00'            1            1            1            1            1            1            1            1
'2015-07-03 14:00:00'            1            1            1            1            1            1            1            1
'2015-07-03 15:00:00'            1            1            1            1            1            1            1            1
'2015-07-03 16:00:00'            1            1            1            1            1            1            1            1
'2015-07-03 17:00:00'            1            1            1            1            1            1            1            1
'2015-07-03 18:00:00'            1            1            1            1            1            1            1            1
'2015-07-03 19:00:00'            1            1            1            1            1            1            1            1
'2015-07-03 20:00:00'            1            1            1            1            1            1            1            1
'2015-07-03 21:00:00'            1            1            1            1            1            1            1            1
'2015-07-03 22:00:00'            1            1            1            1            1            1            1            1
'2015-07-03 23:00:00'            1            1            1            1            1            1            1            1
'2015-07-04 00:00:00'            1            1            1            1            1            1            1            1
'2015-07-04 01:00:00'            1            1            1            1            1            1            1            1
'2015-07-04 02:00:00'            1            1            1            1            1            1            1            1
'2015-07-04 03:00:00'            1            1            1            1            1            1            1            1
'2015-07-04 04:00:00'            1            1            1            1            1            1            1            1
'2015-07-04 05:00:00'            1            1            1            1            1            1            1            1
'2015-07-04 06:00:00'            1            1            1            1            1            1            1            1
'2015-07-04 07:00:00'            1            1            1            1            1            1            1            1
'2015-07-04 08:00:00'            1            1            1            1            1            1            1            1
'2015-07-04 09:00:00'            1            1            1            1            1            1            1            1
'2015-07-04 10:00:00'            1            1            1            1            1            1            1            1
'2015-07-04 11:00:00'            1            1            1            1            1            1            1            1
'2015-07-04 12:00:00'            1            1            1            1            1            1            1            1
'2015-07-04 13:00:00'            1            1            1            1            1            1            1            1
'2015-07-04 14:00:00'            1            1            1            1            1            1            1            1
'2015-07-04 15:00:00'            1            1            1            1            1            1            1            1
'2015-07-04 16:00:00'            1            1            1            1            1            1            1            1
'2015-07-04 17:00:00'            1            1            1            1            1            1            1            1
'2015-07-04 18:00:00'            1            1            1            1            1            1            1            1
'2015-07-04 19:00:00'            1            1            1            1            1            1            1            1
'2015-07-04 20:00:00'            1            1            1            1            1            1            1            1
'2015-07-04 21:00:00'            1            1            1            1            1            1            1            1
'2015-07-04 22:00:00'            1            1            1            1            1            1            1            1
'2015-07-04 23:00:00'            1            1            1            1            1            1            1            1
'2015-07-05 00:00:00'            1            1            1            1            1            1            1            1
'2015-07-05 01:00:00'            1            1            1            1            1            1            1            1
'2015-07-05 02:00:00'            1            1            1            1            1            1            1            1
'2015-07-05 03:00:00'            1            1            1            1            1            1            1            1
'2015-07-05 04:00:00'            1            1            1            1            1            1            1            1
'2015-07-05 05:00:00'            1            1            1            1            1            1            1            1
'2015-07-05 06:00:00'            1            1            1            1            1            1            1            1
'2015-07-05 07:00:00'            1            1            1            1            1            1            1            1
'2015-07-05 08:00:00'            1            1            1            1            1            1            1            1
'2015-07-05 09:00:00'            1            1            1            1            1            1            1            1
'2015-07-05 10:00:00'            1            1            1            1            1            1            1            1
'2015-07-05 11:00:00'            1            1            1            1            1            1            1            1
'2015-07-05 12:00:00'            1            1            1            1            1            1            1            1
'2015-07-05 13:00:00'            1            1            1            1            1            1            1            1
'2015-07-05 14:00:00'            1            1            1            1            1            1            1            1
'2015-07-05 15:00:00'            1            1            1            1            1            1            1            1
'2015-07-05 16:00:00'            1            1            1            1            1            1            1            1
'2015-07-05 17:00:00'            1            1            1            1            1            1            1            1
'2015-07-05 18:00:00'            1            1            1            1            1            1            1            1
'2015-07-05 19:00:00'            1            1            1            1            1            1            1            1
'2015-07-05 20:00:00'            1            1            1            1            1            1            1            1
'2015-07-05 21:00:00'            1            1            1            1            1            1            1            1
'2015-07-05 22:00:00'            1            1            1            1            1            1            1            1
'2015-07-05 23:00:00'            1            1            1            1            1            1            1            1
'2015-07-06 00:00:00'            1            1            1            1            1            1            1            1

                    +        Coal1        Coal2        Coal3        Coal4   NGCC-New-1   NGCC-New-2   NGCC-New-3   NGCC-New-4
                    !  -----------  -----------  -----------  -----------  -----------  -----------  -----------  -----------
'2015-07-01 00:00:00'            1            1            1            1            1                                       
'2015-07-01 01:00:00'            1            1            1            1            1                                       
'2015-07-01 02:00:00'            1            1            1            1            1                                       
'2015-07-01 03:00:00'            1            1            1            1            1                                       
'2015-07-01 04:00:00'            1            1            1            1            1                                       
'2015-07-01 05:00:00'            1            1            1            1            1                                       
'2015-07-01 06:00:00'            1            1            1            1            1            1            1             
'2015-07-01 07:00:00'            1            1            1            1            1            1            1             
'2015-07-01 08:00:00'            1            1            1            1            1            1            1             
'2015-07-01 09:00:00'            1            1            1            1            1            1            1             
'2015-07-01 10:00:00'            1            1            1            1            1            1            1             
'2015-07-01 11:00:00'            1            1            1            1            1            1            1             
'2015-07-01 12:00:00'            1            1            1            1            1            1            1             
'2015-07-01 13:00:00'            1            1            1            1            1            1            1             
'2015-07-01 14:00:00'            1            1            1            1            1            1            1             
'2015-07-01 15:00:00'            1            1            1            1            1            1            1             
'2015-07-01 16:00:00'            1            1            1            1            1            1            1             
'2015-07-01 17:00:00'            1            1            1            1            1            1            1             
'2015-07-01 18:00:00'            1            1            1            1            1            1            1             
'2015-07-01 19:00:00'            1            1            1            1            1            1            1             
'2015-07-01 20:00:00'            1            1            1            1            1            1            1             
'2015-07-01 21:00:00'            1            1            1            1            1            1            1             
'2015-07-01 22:00:00'            1            1            1            1            1            1            1             
'2015-07-01 23:00:00'            1            1            1            1            1            1                          
'2015-07-02 00:00:00'            1            1            1            1            1            1                          
'2015-07-02 01:00:00'            1            1            1            1            1            1                          
'2015-07-02 02:00:00'            1            1            1            1            1            1                          
'2015-07-02 03:00:00'            1            1            1            1            1            1                          
'2015-07-02 04:00:00'            1            1            1            1            1            1                          
'2015-07-02 05:00:00'            1            1            1            1            1            1                         1
'2015-07-02 06:00:00'            1            1            1            1            1            1            1            1
'2015-07-02 07:00:00'            1            1            1            1            1            1            1            1
'2015-07-02 08:00:00'            1            1            1            1            1            1            1            1
'2015-07-02 09:00:00'            1            1            1            1            1            1            1            1
'2015-07-02 10:00:00'            1            1            1            1            1            1            1            1
'2015-07-02 11:00:00'            1            1            1            1            1            1            1            1
'2015-07-02 12:00:00'            1            1            1            1            1            1            1            1
'2015-07-02 13:00:00'            1            1            1            1            1            1            1            1
'2015-07-02 14:00:00'            1            1            1            1            1            1            1            1
'2015-07-02 15:00:00'            1            1            1            1            1            1            1            1
'2015-07-02 16:00:00'            1            1            1            1            1            1            1            1
'2015-07-02 17:00:00'            1            1            1            1            1            1            1            1
'2015-07-02 18:00:00'            1            1            1            1            1            1            1            1
'2015-07-02 19:00:00'            1            1            1            1            1            1            1            1
'2015-07-02 20:00:00'            1            1            1            1            1            1            1            1
'2015-07-02 21:00:00'            1            1            1            1            1            1            1            1
'2015-07-02 22:00:00'            1            1            1            1            1            1            1            1
'2015-07-02 23:00:00'            1            1            1            1            1            1            1            1
'2015-07-03 00:00:00'            1            1            1            1            1            1                         1
'2015-07-03 01:00:00'            1            1            1            1            1            1                         1
'2015-07-03 02:00:00'            1            1            1            1            1            1                         1
'2015-07-03 03:00:00'            1            1            1            1            1            1                         1
'2015-07-03 04:00:00'            1            1            1            1            1            1            1            1
'2015-07-03 05:00:00'            1            1            1            1            1            1            1            1
'2015-07-03 06:00:00'            1            1            1            1            1            1            1            1
'2015-07-03 07:00:00'            1            1            1            1            1            1            1            1
'2015-07-03 08:00:00'            1            1            1            1            1            1            1            1
'2015-07-03 09:00:00'            1            1            1            1            1            1            1            1
'2015-07-03 10:00:00'            1            1            1            1            1            1            1            1
'2015-07-03 11:00:00'            1            1            1            1            1            1            1            1
'2015-07-03 12:00:00'            1            1            1            1            1            1            1            1
'2015-07-03 13:00:00'            1            1            1            1            1            1            1            1
'2015-07-03 14:00:00'            1            1            1            1            1            1            1            1
'2015-07-03 15:00:00'            1            1            1            1            1            1            1            1
'2015-07-03 16:00:00'            1            1            1            1            1            1            1            1
'2015-07-03 17:00:00'            1            1            1            1            1            1            1            1
'2015-07-03 18:00:00'            1            1            1            1            1            1            1            1
'2015-07-03 19:00:00'            1            1            1            1            1            1            1            1
'2015-07-03 20:00:00'            1            1            1            1            1            1            1             
'2015-07-03 21:00:00'            1            1            1            1            1            1                          
'2015-07-03 22:00:00'            1            1            1            1            1                                       
'2015-07-03 23:00:00'            1            1            1            1            1                                       
'2015-07-04 00:00:00'            1            1            1            1            1                                       
'2015-07-04 01:00:00'            1            1            1            1                                                    
'2015-07-04 02:00:00'            1            1            1            1                                                    
'2015-07-04 03:00:00'            1            1            1            1                                                    
'2015-07-04 04:00:00'            1            1            1            1                                                    
'2015-07-04 05:00:00'            1            1            1            1            1                                       
'2015-07-04 06:00:00'            1            1            1            1            1                                       
'2015-07-04 07:00:00'            1            1            1            1            1                                       
'2015-07-04 08:00:00'            1            1            1            1            1                                      1
'2015-07-04 09:00:00'            1            1            1            1            1                         1            1
'2015-07-04 10:00:00'            1            1            1            1            1                         1            1
'2015-07-04 11:00:00'            1            1            1            1            1                         1            1
'2015-07-04 12:00:00'            1            1            1            1            1                         1            1
'2015-07-04 13:00:00'            1            1            1            1            1                         1            1
'2015-07-04 14:00:00'            1            1            1            1            1                         1            1
'2015-07-04 15:00:00'            1            1            1            1            1            1            1            1
'2015-07-04 16:00:00'            1            1            1            1            1            1            1            1
'2015-07-04 17:00:00'            1            1            1            1            1            1            1            1
'2015-07-04 18:00:00'            1            1            1            1            1            1            1            1
'2015-07-04 19:00:00'            1            1            1            1            1            1            1            1
'2015-07-04 20:00:00'            1            1            1            1            1            1            1            1
'2015-07-04 21:00:00'            1            1            1            1            1                         1            1
'2015-07-04 22:00:00'            1            1            1            1            1                         1            1
'2015-07-04 23:00:00'            1            1            1            1            1                         1            1
'2015-07-05 00:00:00'            1            1            1            1            1                         1            1
'2015-07-05 01:00:00'            1            1            1            1            1                         1            1
'2015-07-05 02:00:00'            1            1            1            1            1                         1            1
'2015-07-05 03:00:00'            1            1            1            1                                      1            1
'2015-07-05 04:00:00'            1            1            1            1                                      1            1
'2015-07-05 05:00:00'            1            1            1            1                                      1            1
'2015-07-05 06:00:00'            1            1            1            1            1                         1            1
'2015-07-05 07:00:00'            1            1            1            1            1                         1            1
'2015-07-05 08:00:00'            1            1            1            1            1            1            1            1
'2015-07-05 09:00:00'            1            1            1            1            1            1            1            1
'2015-07-05 10:00:00'            1            1            1            1            1            1            1            1
'2015-07-05 11:00:00'            1            1            1            1            1            1            1            1
'2015-07-05 12:00:00'            1            1            1            1            1            1            1            1
'2015-07-05 13:00:00'            1            1            1            1            1            1            1            1
'2015-07-05 14:00:00'            1            1            1            1            1            1            1            1
'2015-07-05 15:00:00'            1            1            1            1            1            1            1            1
'2015-07-05 16:00:00'            1            1            1            1            1            1            1            1
'2015-07-05 17:00:00'            1            1            1            1            1            1            1            1
'2015-07-05 18:00:00'            1            1            1            1            1            1            1            1
'2015-07-05 19:00:00'            1            1            1            1            1            1            1            1
'2015-07-05 20:00:00'            1            1            1            1            1            1            1             
'2015-07-05 21:00:00'            1            1            1            1            1            1                          
'2015-07-05 22:00:00'            1            1            1            1            1                                       
'2015-07-05 23:00:00'            1            1            1            1            1                                       
'2015-07-06 00:00:00'            1            1            1            1            1                                       

                    +   NGCC-New-5   NGCC-New-6   NGCC-New-7   NGCC-New-8   NGCC-New-9  NGCC-New-10  NGCC-New-11
                    !  -----------  -----------  -----------  -----------  -----------  -----------  -----------
'2015-07-01 04:00:00'                         1                                                                 
'2015-07-01 05:00:00'                         1                                                   1             
'2015-07-01 06:00:00'                         1                                                   1             
'2015-07-01 07:00:00'            1            1                                      1            1             
'2015-07-01 08:00:00'            1            1                         1            1            1             
'2015-07-01 09:00:00'            1            1                         1            1            1             
'2015-07-01 10:00:00'            1            1                         1            1            1             
'2015-07-01 11:00:00'            1            1                         1            1            1             
'2015-07-01 12:00:00'            1            1                         1            1            1             
'2015-07-01 13:00:00'            1            1                         1            1            1             
'2015-07-01 14:00:00'            1            1                         1            1            1             
'2015-07-01 15:00:00'            1            1                         1            1            1             
'2015-07-01 16:00:00'            1            1                         1            1            1            1
'2015-07-01 17:00:00'            1            1                         1            1            1            1
'2015-07-01 18:00:00'            1            1                         1            1            1            1
'2015-07-01 19:00:00'            1            1                         1            1            1             
'2015-07-01 20:00:00'            1            1                         1                         1             
'2015-07-01 21:00:00'                         1                         1                         1             
'2015-07-01 22:00:00'                         1                                                                 
'2015-07-01 23:00:00'                         1                                                                 
'2015-07-02 00:00:00'                         1                                                                 
'2015-07-02 01:00:00'                         1                                                                 
'2015-07-02 02:00:00'                         1                         1                                       
'2015-07-02 03:00:00'                         1                         1                                       
'2015-07-02 04:00:00'                         1                         1                                       
'2015-07-02 05:00:00'                         1                         1                                       
'2015-07-02 06:00:00'                         1                         1                         1             
'2015-07-02 07:00:00'                         1                         1            1            1            1
'2015-07-02 08:00:00'                         1            1            1            1            1            1
'2015-07-02 09:00:00'                         1            1            1            1            1            1
'2015-07-02 10:00:00'                         1            1            1            1            1            1
'2015-07-02 11:00:00'                         1            1            1            1            1            1
'2015-07-02 12:00:00'                         1            1            1            1            1            1
'2015-07-02 13:00:00'                         1            1            1            1            1            1
'2015-07-02 14:00:00'                         1            1            1            1            1            1
'2015-07-02 15:00:00'                         1            1            1            1            1            1
'2015-07-02 16:00:00'                         1            1            1            1            1            1
'2015-07-02 17:00:00'                         1            1            1            1            1            1
'2015-07-02 18:00:00'                         1            1            1            1            1            1
'2015-07-02 19:00:00'                         1            1            1            1            1            1
'2015-07-02 20:00:00'                         1            1            1            1            1            1
'2015-07-02 21:00:00'                         1            1            1            1            1            1
'2015-07-02 22:00:00'                         1            1            1                         1            1
'2015-07-02 23:00:00'                                      1                                      1            1
'2015-07-03 00:00:00'                                      1                                      1            1
'2015-07-03 01:00:00'                                      1                                      1            1
'2015-07-03 02:00:00'                                      1                                      1            1
'2015-07-03 03:00:00'                                      1                                      1            1
'2015-07-03 04:00:00'                                      1                                      1            1
'2015-07-03 05:00:00'                                      1                         1            1            1
'2015-07-03 06:00:00'                                      1                         1            1            1
'2015-07-03 07:00:00'                                      1            1            1            1            1
'2015-07-03 08:00:00'            1                         1            1            1            1            1
'2015-07-03 09:00:00'            1                         1            1            1            1            1
'2015-07-03 10:00:00'            1                         1            1            1            1            1
'2015-07-03 11:00:00'            1                         1            1                         1            1
'2015-07-03 12:00:00'            1                         1            1                         1            1
'2015-07-03 13:00:00'            1                         1            1                         1            1
'2015-07-03 14:00:00'            1                         1            1                         1            1
'2015-07-03 15:00:00'            1                         1            1                         1            1
'2015-07-03 16:00:00'            1                         1            1                         1            1
'2015-07-03 17:00:00'            1                         1            1                         1            1
'2015-07-03 18:00:00'            1                         1            1                         1            1
'2015-07-03 19:00:00'            1                         1            1                         1            1
'2015-07-03 20:00:00'            1                         1            1                                      1
'2015-07-03 21:00:00'            1                         1            1                                      1
'2015-07-03 22:00:00'            1                         1            1                                       
'2015-07-03 23:00:00'            1                                      1                                       
'2015-07-04 00:00:00'                                                   1                                       
'2015-07-04 01:00:00'                                                   1                                       
'2015-07-04 02:00:00'                                                   1                                       
'2015-07-04 03:00:00'                                                   1                                       
'2015-07-04 04:00:00'                                                   1                                       
'2015-07-04 05:00:00'                                                   1                                       
'2015-07-04 06:00:00'                                                   1                                       
'2015-07-04 07:00:00'                                                   1                         1            1
'2015-07-04 08:00:00'                                                   1                         1            1
'2015-07-04 09:00:00'                                                   1                         1            1
'2015-07-04 10:00:00'                                                   1                         1            1
'2015-07-04 11:00:00'                                                   1                         1            1
'2015-07-04 12:00:00'                                                   1                         1            1
'2015-07-04 13:00:00'                                                   1                         1            1
'2015-07-04 14:00:00'                                                   1                         1            1
'2015-07-04 15:00:00'                                                   1                         1            1
'2015-07-04 16:00:00'                                                   1                         1            1
'2015-07-04 17:00:00'                                                   1            1            1            1
'2015-07-04 18:00:00'                                                   1            1            1            1
'2015-07-04 19:00:00'                                                   1            1            1            1
'2015-07-04 20:00:00'                                                   1            1            1            1
'2015-07-04 21:00:00'                                                   1            1            1            1
'2015-07-04 22:00:00'                                                   1            1            1            1
'2015-07-04 23:00:00'                                                   1            1            1            1
'2015-07-05 00:00:00'                                                                1            1            1
'2015-07-05 01:00:00'                                                                1            1            1
'2015-07-05 02:00:00'                                                                1            1            1
'2015-07-05 03:00:00'                                                                1            1            1
'2015-07-05 04:00:00'                                                                1            1             
'2015-07-05 05:00:00'                                                                1            1            1
'2015-07-05 06:00:00'                                                                1            1            1
'2015-07-05 07:00:00'                                                                1            1            1
'2015-07-05 08:00:00'                                                                1            1            1
'2015-07-05 09:00:00'                                                                1            1            1
'2015-07-05 10:00:00'                                                                1            1            1
'2015-07-05 11:00:00'                                                                1            1            1
'2015-07-05 12:00:00'                                                                1            1            1
'2015-07-05 13:00:00'                                                                1            1            1
'2015-07-05 14:00:00'                                                                1            1            1
'2015-07-05 15:00:00'                                                                1            1            1
'2015-07-05 16:00:00'                                                                1            1            1
'2015-07-05 17:00:00'                                                                1            1            1
'2015-07-05 18:00:00'                                                                1            1            1
'2015-07-05 19:00:00'                                                                1            1            1
'2015-07-05 20:00:00'                                                                1            1             
'2015-07-05 21:00:00'                                                                1            1             
'2015-07-05 22:00:00'                                                                1            1             
'2015-07-05 23:00:00'                                                                1                          
'2015-07-06 00:00:00'                                                                1                          
    ;


    PD_SolutionTime := 8.078 ;

    PD_SolverStatus := "NormalCompletion" ;


    PO_StorageStatus(iTime,iStorageStatus) := data table 
                       Generation
                    !  ----------
'2015-07-01 00:00:00'    3805.993
'2015-07-01 01:00:00'    3745.581
'2015-07-01 02:00:00'    3624.755
'2015-07-01 03:00:00'    3503.930
'2015-07-01 04:00:00'    3564.343
'2015-07-01 05:00:00'    3926.818
'2015-07-01 06:00:00'    4349.706
'2015-07-01 07:00:00'    5135.070
'2015-07-01 08:00:00'    5739.196
'2015-07-01 09:00:00'    5980.846
'2015-07-01 10:00:00'    6041.259
'2015-07-01 11:00:00'    5980.846
'2015-07-01 12:00:00'    5618.371
'2015-07-01 13:00:00'    5557.958
'2015-07-01 14:00:00'    5437.133
'2015-07-01 15:00:00'    5316.308
'2015-07-01 16:00:00'    5437.133
'2015-07-01 17:00:00'    5557.958
'2015-07-01 18:00:00'    5799.609
'2015-07-01 19:00:00'    5920.434
'2015-07-01 20:00:00'    5799.609
'2015-07-01 21:00:00'    5437.133
'2015-07-01 22:00:00'    4833.007
'2015-07-01 23:00:00'    4228.881
'2015-07-02 00:00:00'    3728.320
'2015-07-02 01:00:00'    3669.140
'2015-07-02 02:00:00'    3550.781
'2015-07-02 03:00:00'    3432.421
'2015-07-02 04:00:00'    3491.601
'2015-07-02 05:00:00'    3846.679
'2015-07-02 06:00:00'    4260.937
'2015-07-02 07:00:00'    5030.273
'2015-07-02 08:00:00'    5622.070
'2015-07-02 09:00:00'    5858.788
'2015-07-02 10:00:00'    5917.968
'2015-07-02 11:00:00'    5858.788
'2015-07-02 12:00:00'    5503.710
'2015-07-02 13:00:00'    5444.531
'2015-07-02 14:00:00'    5326.171
'2015-07-02 15:00:00'    5207.812
'2015-07-02 16:00:00'    5326.171
'2015-07-02 17:00:00'    5444.531
'2015-07-02 18:00:00'    5681.249
'2015-07-02 19:00:00'    5799.609
'2015-07-02 20:00:00'    5681.249
'2015-07-02 21:00:00'    5326.171
'2015-07-02 22:00:00'    4734.374
'2015-07-02 23:00:00'    4142.578
'2015-07-03 00:00:00'    3650.647
'2015-07-03 01:00:00'    3592.700
'2015-07-03 02:00:00'    3476.806
'2015-07-03 03:00:00'    3360.913
'2015-07-03 04:00:00'    3418.859
'2015-07-03 05:00:00'    3766.540
'2015-07-03 06:00:00'    4172.167
'2015-07-03 07:00:00'    4925.475
'2015-07-03 08:00:00'    5504.943
'2015-07-03 09:00:00'    5736.730
'2015-07-03 10:00:00'    5794.677
'2015-07-03 11:00:00'    5736.730
'2015-07-03 12:00:00'    5389.050
'2015-07-03 13:00:00'    5331.103
'2015-07-03 14:00:00'    5215.209
'2015-07-03 15:00:00'    5099.316
'2015-07-03 16:00:00'    5215.209
'2015-07-03 17:00:00'    5331.103
'2015-07-03 18:00:00'    5562.890
'2015-07-03 19:00:00'    5678.783
'2015-07-03 20:00:00'    5562.890
'2015-07-03 21:00:00'    5215.209
'2015-07-03 22:00:00'    4635.742
'2015-07-03 23:00:00'    4056.274
'2015-07-04 00:00:00'    3560.028
'2015-07-04 01:00:00'    3465.094
'2015-07-04 02:00:00'    3275.225
'2015-07-04 03:00:00'    3132.824
'2015-07-04 04:00:00'    3085.357
'2015-07-04 05:00:00'    3085.357
'2015-07-04 06:00:00'    3227.758
'2015-07-04 07:00:00'    3512.561
'2015-07-04 08:00:00'    3939.764
'2015-07-04 09:00:00'    4224.566
'2015-07-04 10:00:00'    4366.967
'2015-07-04 11:00:00'    4461.901
'2015-07-04 12:00:00'    4319.500
'2015-07-04 13:00:00'    4272.033
'2015-07-04 14:00:00'    4272.033
'2015-07-04 15:00:00'    4082.165
'2015-07-04 16:00:00'    4034.698
'2015-07-04 17:00:00'    4177.099
'2015-07-04 18:00:00'    4366.967
'2015-07-04 19:00:00'    4746.703
'2015-07-04 20:00:00'    4604.302
'2015-07-04 21:00:00'    4509.368
'2015-07-04 22:00:00'    4272.033
'2015-07-04 23:00:00'    4034.698
'2015-07-05 00:00:00'    3467.559
'2015-07-05 01:00:00'    3375.091
'2015-07-05 02:00:00'    3190.155
'2015-07-05 03:00:00'    3051.452
'2015-07-05 04:00:00'    3005.218
'2015-07-05 05:00:00'    3005.218
'2015-07-05 06:00:00'    3143.921
'2015-07-05 07:00:00'    3421.325
'2015-07-05 08:00:00'    3837.432
'2015-07-05 09:00:00'    4114.837
'2015-07-05 10:00:00'    4253.539
'2015-07-05 11:00:00'    4346.008
'2015-07-05 12:00:00'    4207.305
'2015-07-05 13:00:00'    4161.071
'2015-07-05 14:00:00'    4161.071
'2015-07-05 15:00:00'    3976.135
'2015-07-05 16:00:00'    3929.901
'2015-07-05 17:00:00'    4068.603
'2015-07-05 18:00:00'    4253.539
'2015-07-05 19:00:00'    4623.412
'2015-07-05 20:00:00'    4484.710
'2015-07-05 21:00:00'    4392.242
'2015-07-05 22:00:00'    4161.071
'2015-07-05 23:00:00'    3929.901
'2015-07-06 00:00:00'    3611.810
    ;


